7
ORF_plus_2            100.000000 58.478716 92.009988 77.667494 72.250000 73.492462 68.578554
ORF_plus_0            58.478716 100.000000 86.516854 73.821340 68.250000 70.226131 69.451372
sp|Q61851|FGFR3_MOUSE 92.009988 86.516854 100.000000 77.278402 71.500000 73.869347 67.915106
sp|P18460|FGFR3_CHICK 77.667494 73.821340 77.278402 100.000000 77.875000 82.412060 75.436409
sp|Q9I8X3|FGFR3_DANRE 72.250000 68.250000 71.500000 77.875000 100.000000 75.376884 70.000000
sp|Q91287|FGFR3_PLEWA 73.492462 70.226131 73.869347 82.412060 75.376884 100.000000 72.989950
sp|O42127|FGFR3_XENLA 68.578554 69.451372 67.915106 75.436409 70.000000 72.989950 100.000000
